34
38
130
69
768
1025
166
2109
808
1888
2142
190
2326
2290
2214
2217
2362
1928
880
2579
2395
1783
627
2000
2178
2470
2145
732
877
2250
2434
1527
660
1744
735
1169
916
230
587
1491
663
591
699
844
2033
374
2503
2359
133
624
407
1997
2323
1094
482
2651
1422
1061
1852
1097
479
1314
1455
1855
1058
1747
804
518
1819
841
551
1458
2612
302
1599
985
2069
1166
913
262
1386
1130
1202
1964
554
952
515
2073
1961
1816
371
2181
1566
2036
1419
696
949
338
1563
1133
1346
1494
335
2106
1711
447
1382
169
1349
2398
2431
1891
2467
265
988
771
2615
193
1275
410
1602
1205
2543
2576
1022
2648
2506
1311
2684
2287
299
1924
1277
1707
1671
1242
1674
1639
1780
1636
1239
1530
72
2253
227
2539
33
68
37
129
1313
2650
301
2361
915
2433
2469
1385
1854
337
2072
1132
481
1710
2216
1060
1782
734
2144
2108
626
1927
879
517
2578
1168
1345
807
1746
1999
373
2325
1421
1598
1024
1818
2289
590
1963
2035
1096
1381
1565
662
951
1490
1526
229
2180
843
1129
695
698
2611
2249
912
2502
1960
132
984
514
553
659
1457
1348
1851
803
876
334
1996
2394
550
1418
189
264
2213
406
2688
261
1493
2322
1057
1454
2358
731
2032
948
767
444
370
165
2068
1887
168
2141
2177
478
2397
1743
987
586
1890
623
1093
1815
1201
35
840
1165
2614
1562
2105
770
131
39
446
2430
1601
192
409
2504
70
2396
2466
2613
1278
1204
2360
2324
408
263
2687
914
1274
1528
986
625
480
1600
1745
372
1131
878
661
1564
1962
191
2107
1021
1998
769
2215
950
1167
733
167
1853
1492
336
1817
516
697
1095
1420
552
1456
2251
1203
2143
842
1889
588
2542
2179
2034
2432
805
1059
2070
1383
1347
2468
2505
1387
1965
339
1310
555
1276
519
2647
1134
2652
1784
2110
1315
1026
2363
2471
628
809
2218
2435
881
303
1929
2649
1712
2001
2327
2146
1170
736
483
592
917
664
2291
2580
1856
375
2575
231
2074
1423
134
845
1062
1098
1820
1748
700
1312
1459
1567
953
2037
2182
1023
1350
2577
2683
1495
448
1640
170
1892
266
2544
2399
772
989
1243
2685
1603
2616
298
2288
