27
31
123
62
65
2134
2170
294
1629
1376
2638
507
2383
655
1373
1914
2386
579
2635
510
543
1665
2744
1954
1881
327
1553
546
904
2422
1120
907
832
1878
1449
1698
1769
1412
1409
799
1160
1088
1301
258
2058
330
1809
254
652
399
2310
2130
1950
1268
2491
1589
619
2025
760
291
835
1556
162
186
763
2022
222
796
1701
2494
2527
940
2167
1196
126
2061
1446
1845
1989
2711
2206
1842
1048
688
868
2599
1340
2094
1662
2350
1485
1917
1482
1593
474
1193
2314
2602
1304
980
2239
2530
2458
363
1734
2419
2675
159
1232
1229
366
2242
691
1265
219
727
2455
2097
2748
2671
1015
1986
471
2566
1517
1626
1737
2708
402
1806
1157
438
582
2347
724
943
1085
871
1013
183
435
616
1051
2277
1337
2274
977
1520
2564
1123
2203
436
61
26
2674
30
122
1195
2421
64
1159
2129
1664
1988
2457
329
1411
906
1880
1267
509
1628
257
2637
2133
2385
1808
545
762
1375
2169
2493
1772
293
1953
185
1448
798
1555
2024
654
253
1087
1119
473
2205
1231
834
2060
1768
979
2710
726
1700
1916
618
221
1552
161
2670
687
1339
2743
1047
690
1445
2313
2529
125
1844
1192
1303
1484
1592
795
542
1012
365
2634
326
2601
1408
2238
398
2349
903
2309
2382
2526
578
2241
2057
1300
1372
1877
1949
2096
2598
1913
506
2490
1661
1697
939
759
831
2021
1014
651
2418
2454
1985
2565
867
362
1588
1228
2093
290
2166
1481
1841
1736
434
158
218
1264
28
401
1733
2747
470
1156
1625
63
2745
124
32
1516
581
1016
2528
437
942
544
797
2707
2636
905
2384
2131
941
400
1121
1302
292
1554
2492
653
1374
761
2168
689
1447
1879
1410
255
508
580
1699
2420
1915
1663
328
1590
66
2023
2600
1770
1987
2059
2240
1951
870
2456
160
1049
833
364
1194
1266
1230
2095
2672
2311
1483
1843
259
723
1805
1955
869
1735
2243
472
220
692
2135
1627
1161
2749
2495
2423
187
2676
2171
1702
2346
1630
295
1666
656
1377
163
800
981
2639
2387
1882
1413
511
331
2026
2315
908
2062
1810
1450
547
2709
725
1197
2567
2603
764
620
1089
2207
2459
1269
127
2563
1557
2712
1990
836
1233
1594
1014
1084
2563
1341
1846
475
1918
223
2531
2348
1158
1807
1486
2351
1305
728
367
1518
182
2098
184
1086
439
403
1738
2845
583
944
