2761
35
39
131
70
73
1532
2034
1673
1279
263
1315
1640
167
1637
191
1893
1676
2001
516
1709
1420
444
411
1929
1026
1998
2146
266
170
552
1387
2254
194
299
1962
1423
1456
2037
1312
519
1384
2251
2182
1926
447
227
2399
664
2287
2106
2290
1059
2685
588
914
661
1062
1023
1095
2323
917
842
1496
1243
1276
2070
1745
555
1857
375
1167
2504
1351
1203
2218
1604
483
2507
1965
809
1817
302
1134
990
878
1781
2179
1131
882
134
335
2651
408
1564
2396
2110
480
2725
1529
1890
2471
230
700
1568
1170
628
1784
2431
1348
1712
2326
2073
1492
806
987
2543
1098
845
2577
1459
2143
2613
736
770
2688
1601
1207
2215
2579
1240
372
1854
2468
2758
734
625
2648
338
591
2359
954
772
2541
1820
2362
2434
1748
951
1749
2615
698
69
38
34
2760
1567
808
1133
130
1783
1563
2430
1531
72
1386
1314
2724
1639
1278
989
2145
1892
1169
1025
1675
2000
1928
1061
410
2178
1242
2253
1422
265
301
1603
169
193
1780
2036
2286
2181
446
518
881
551
1350
298
407
1495
2289
1964
554
2398
663
2650
2069
916
2217
2506
2033
1925
1856
190
1961
1672
1130
1166
1491
1889
1058
1997
1202
262
374
482
515
1383
2250
1708
229
166
1022
1311
1636
443
334
1455
226
2576
1275
1419
1094
133
2322
1528
1816
2503
1744
699
697
2684
841
627
2109
1711
660
2470
2142
733
2105
2395
1206
2325
877
587
2072
2649
1097
805
913
986
844
2542
769
1458
1347
479
735
2762
36
2580
2687
40
2616
1565
132
1600
71
2612
2035
1168
553
1782
300
1674
1132
192
1385
264
1421
1638
2432
517
2288
168
445
1963
1999
1927
2180
2252
1024
1060
228
1313
409
1096
2540
1457
1710
2647
2071
1493
2505
1277
1204
1891
2686
2324
737
2107
1746
843
1530
662
879
915
773
810
1818
2397
1239
1569
1208
336
589
74
2578
1349
807
988
2183
1533
481
1280
2652
1316
2291
1641
2144
1894
1063
1388
2578
2147
1027
701
1930
2002
1677
1135
412
2214
448
2255
267
371
195
171
520
1244
2722
665
991
1602
1424
2038
2726
2614
1966
1497
556
2327
2400
1605
2544
883
2508
1352
771
918
1858
376
303
2219
1785
2111
484
1171
231
135
2472
1241
629
2216
1099
1853
1713
2074
2467
373
2469
1460
846
624
1855
2689
626
2757
2759
