2427
2581
99
201
721
564
255
520
2376
2118
1605
2328
2428
1657
672
1243
2637
413
467
1863
2173
1553
1036
97
100
254
414
513
2530
2688
361
621
618
1290
2740
776
2329
2017
98
1239
930
2482
307
1860
2483
1342
362
2533
724
2534
1029
1812
1138
512
2582
1501
1394
2014
1449
256
2377
1911
1760
571
2066
1240
2380
463
2379
1291
875
1705
309
673
1554
2225
1962
1450
1606
2273
985
2531
1083
775
96
1139
2221
2070
2685
1084
978
1037
2843
1028
1190
2277
1809
1343
2839
1395
207
462
1811
1550
1502
1759
931
2791
722
208
358
2430
1966
255
2735
260
1497
671
2739
826
823
669
2276
1862
1654
620
1910
2790
1398
1445
1913
464
43
1709
1653
514
2222
311
2069
824
259
253
1135
986
619
927
1136
2842
252
1658
1191
1602
2736
2788
2117
521
771
1914
1965
2586
879
200
1961
308
310
1346
1864
1708
2325
410
1186
725
2174
563
2170
2431
1345
1242
2122
874
103
827
2787
2634
1397
723
1707
1704
929
2479
1187
2638
1813
622
1757
2584
2274
148
46
1030
