2480
2272
1654
2217
2532
1802
1390
2691
1758
2065
2638
1442
1961
1338
2535
2118
2428
1857
1810
1077
2164
2271
2479
1340
1184
981
2220
2114
1082
2845
2483
2014
1129
773
1233
1653
1599
1597
1906
1647
1959
1030
2063
1860
2586
721
927
2113
2840
2216
1544
2841
1286
1444
617
1024
1288
1910
2687
872
924
1132
301
671
613
663
2636
1550
402
1757
2584
1182
2009
1029
871
2534
768
1239
462
1392
2321
1543
1290
562
2892
2322
1393
2686
302
1181
1445
463
510
1491
874
1912
612
2167
715
1801
2324
2378
1601
564
461
1389
2380
565
563
256
2430
1389
307
1704
2375
873
1492
769
1911
352
928
1239
251
774
2793
1081
509
1646
1130
926
2376
824
308
1441
618
819
2481
2583
2896
458
1186
662
2165
1705
1706
1083
2273
2589
514
2169
1750
408
2640
1134
2268
1803
566
973
2635
2735
1441
512
2011
2326
1751
1391
2690
403
97
2531
513
2588
2269
818
401
2010
823
1549
2692
1500
511
1131
2064
1183
767
1337
2013
1905
1856
204
511
2639
1341
510
2062
1078
1232
