872
927
1647
2427
976
773
1595
2220
1031
1182
2576
1702
2730
1185
1808
1910
1130
2780
1440
1284
2168
2529
2323
563
723
2066
1699
2421
2165
1342
1548
618
1855
354
409
2113
1907
1749
770
1083
2375
1800
875
1290
256
2267
1238
1651
562
722
2473
2376
48
2628
1650
1649
1285
979
1549
1441
513
1807
1547
924
978
874
980
2677
2167
1909
1131
1957
2580
1599
1028
715
717
1340
2530
1854
566
1186
2733
96
1389
2521
2115
407
2683
876
2006
2370
1393
2112
2575
1234
2268
2266
671
772
2579
2374
511
1390
1701
1756
356
617
510
1336
1184
1236
2479
926
1594
1597
1748
1030
1291
825
1129
1283
458
515
2426
1439
871
1646
2007
615
1703
1032
2528
2577
252
975
1750
308
257
1441
1596
1387
359
464
1335
668
2219
716
97
2632
152
2014
2480
2060
1289
2884
2428
1181
2013
464
2217
1648
774
873
665
928
2578
302
301
1963
2890
1856
1131
309
1809
564
2781
305
357
2420
2269
977
516
1911
355
2169
2369
1341
2779
724
819
1596
2368
2729
2221
2320
1491
1600
1183
2067
410
251
2111
359
1237
255
198
1598
406
512
672
1496
