2838
2687
2841
2786
1553
305
826
2167
2378
2275
1811
1863
771
253
511
2581
1605
1237
2427
2222
977
360
1704
2584
2633
562
1910
2791
2069
2012
461
2478
615
1756
307
926
2223
2011
1912
2168
720
2170
1759
2482
2115
722
570
1086
409
2426
2533
774
2583
45
1034
723
874
2632
2479
2327
2219
1760
1862
1134
616
308
2787
1035
618
1186
671
2375
1344
1961
2739
408
1290
255
1396
1913
617
2274
569
1186
2534
462
2481
1238
2792
1962
873
872
465
1651
2736
927
2120
1345
512
1812
1185
1394
1134
2116
464
2582
1133
1909
1292
1705
96
2121
2068
2322
875
1500
775
2685
2063
361
2377
721
306
309
99
2328
2842
2220
721
1550
2530
670
563
926
1604
2272
2323
1445
1394
773
357
1857
200
1290
2688
254
820
252
412
2785
463
1082
1657
2171
925
1911
304
2221
2166
614
2010
2837
1397
2686
871
1705
2840
2684
1554
2376
1448
1599
2635
825
1810
2740
1501
1291
1449
1656
1706
1342
668
770
2379
928
1293
510
1080
2582
2271
2637
102
1964
2737
2895
1135
2169
2014
2376
519
1653
1703
2114
407
1652
2839
1702
2430
2324
827
2631
2889
51
1809
2528
1027
666
1242
460
355
2529
466
1497
97
667
1650
1395
1450
1808
2528
98
2894
1187
982
155
978
1188
621
2016
1139
1710
2636
1289
2741
98
1241
1393
1754
1547
672
976
49
359
358
1138
1446
1552
1189
772
1395
1755
2273
1291
619
1498
2888
1911
719
1758
1965
156
1343
2173
201
823
1859
927
2429
52
