101
522
1657
566
2487
1091
1090
210
677
102
676
876
721
825
1143
572
261
102
523
416
257
1142
624
775
1398
2074
1506
1039
2639
411
1298
722
1137
2646
623
364
1194
98
103
1973
309
2640
461
1040
363
2129
313
2797
258
360
410
45
2077
150
567
468
1188
1558
830
620
365
2384
573
417
361
1243
1346
100
1970
469
1033
2285
2899
418
2125
2537
470
1032
2171
1761
2647
310
1401
1083
2688
2177
2387
2488
1816
2748
2025
203
2538
1765
412
1193
1662
824
1861
99
1399
2542
2490
1762
2696
1082
1868
1656
983
152
1450
877
2330
2693
2796
151
1247
831
976
1084
204
2590
2386
2073
48
1918
2491
933
