253
256
308
2734
1912
2888
2167
2737
511
2170
357
1857
2326
407
615
2534
1702
2115
2009
2271
770
874
822
2682
514
1132
1392
1184
872
2684
663
1860
978
1444
2118
43
2477
1599
1651
715
410
2065
2117
2429
875
1236
1182
100
2580
979
2685
1652
613
1342
1130
1185
768
820
2583
2269
1550
1597
2582
1030
976
1859
1545
1084
1445
2063
1649
1390
1133
1492
2372
2169
2272
355
1031
458
1234
2010
771
1493
1650
2581
823
928
409
2223
1442
1393
408
354
512
2633
2430
356
664
566
1032
515
1237
1706
2526
1443
1293
513
1600
2015
1546
669
411
2736
2840
2784
2066
564
1284
1501
1861
977
929
2481
1858
1338
2735
2219
2325
97
616
2636
2168
2217
205
1183
305
2476
1913
2377
1337
2116
2579
1181
2008
2166
1856
406
1078
2733
2114
510
255
2681
871
2428
662
980
252
2889
2171
257
926
1911
1441
2738
873
1549
1648
2533
2683
2373
1343
1129
2119
612
975
2634
1341
767
1653
819
2320
1596
2268
1703
2584
2422
2783
1960
716
1551
1705
464
1491
1081
876
1804
560
1389
2062
44
358
254
359
925
2371
2525
2527
2635
2016
614
1292
1805
1502
2887
96
1030
1131
1757
567
2323
459
2632
927
1233
2586
1700
668
1759
1287
2686
2220
42
769
307
1186
821
714
2014
199
1753
2220
1598
2270
1031
2785
465
670
2370
361
2633
1758
1240
1910
565
460
97
563
1085
1391
1446
1294
1655
721
2064
1396
1283
2327
2839
