1805
976
1860
1135
2269
2217
1497
1545
2371
1600
2479
927
1028
1442
875
2578
2424
1291
872
1083
2066
1959
1756
1548
1187
820
2377
1962
1704
1652
1031
1445
2272
665
459
1080
2531
1390
1808
1338
2014
1907
1597
2428
1234
1239
2165
1132
1391
1494
1339
980
514
256
203
355
2582
560
1032
2685
819
1446
1288
1549
252
2378
1807
978
1906
1238
1857
201
1809
2527
1961
1235
2476
2427
2273
722
1287
2529
2834
2271
2164
2426
458
1084
1595
2893
2221
2425
2630
2892
1701
615
2780
2679
979
302
1183
2577
2781
357
1908
308
2219
410
874
1753
96
1493
2579
1130
2320
1030
2480
462
1184
2833
2629
1233
1082
2580
2478
1389
2220
1444
664
716
1134
1547
2423
975
769
1859
876
2376
1804
1441
821
1599
1443
1492
358
2268
2166
2370
513
768
2060
1963
1337
2008
2885
2216
1496
97
1601
1544
48
2886
408
977
2118
1648
1136
2730
2634
2631
1237
2429
1649
618
2167
2579
667
1806
2835
1861
2528
2324
566
309
98
411
1131
2270
613
926
666
770
2372
2532
2218
204
2789
1596
460
1546
2530
1498
921
2628
2737
1699
1027
617
2729
566
614
406
511
1290
99
306
924
515
612
1292
461
405
