461
615
670
464
618
1966
563
874
719
1963
877
1030
827
2641
1033
1395
1758
2537
2892
1447
1703
355
983
1136
2013
1807
1602
2587
722
1502
1706
1864
2117
1290
2063
776
1810
1755
1756
2119
1809
1182
1346
2167
2321
1288
2431
775
1705
1651
565
2381
2019
667
1183
2480
820
1857
1340
828
566
354
723
1291
925
1865
2175
2218
2120
97
1242
1601
2538
567
516
2690
721
821
2271
2483
2012
1759
876
2845
1704
2168
1032
982
1031
1858
2588
1232
975
2322
1137
2642
146
1808
1496
720
1757
410
2479
1034
1707
1553
930
1657
2270
619
878
2174
564
99
931
252
875
2225
1188
1450
1345
1967
2064
48
1965
1702
1656
1029
1806
562
873
463
718
2116
2586
1181
1135
96
1287
460
617
465
1552
1915
206
1863
614
2581
926
44
1131
305
774
405
1650
2635
2430
1653
2118
253
1289
669
307
2277
826
1088
2691
1394
2580
1446
1856
2640
304
981
2166
309
510
1754
255
2536
1087
1241
362
1964
616
200
310
2062
356
1811
1501
1551
2841
462
1243
2071
1605
2432
2842
1081
258
2011
1909
100
2374
153
257
1130
671
206
2219
403
2320
513
101
1339
1962
2689
1554
976
2278
1082
1396
768
1549
404
203
2785
984
2329
1652
1233
2744
1709
2735
513
147
2478
2839
360
1495
361
2224
1231
1342
152
2020
2382
2425
2269
2531
974
2529
929
205
2845
359
406
154
2121
2579
