307
2532
1501
2272
1755
253
929
618
2639
2383
51
1814
255
2633
1962
150
306
2175
2640
1861
2590
2790
462
1497
2436
882
207
777
1702
149
1291
2376
1961
208
668
1598
1659
256
1813
1037
308
2735
2742
2174
1915
1549
1606
362
1498
463
358
466
1191
2531
1860
2333
518
1916
514
517
2222
569
570
773
1346
467
2582
1763
413
410
985
1033
1136
2382
519
2743
103
1548
1243
1140
778
204
1393
305
252
984
2117
1295
1088
2486
1085
1442
2895
414
97
2478
2326
1912
259
669
47
2124
725
928
2377
1400
617
2012
1036
1807
104
986
824
726
1089
2534
2229
1137
1911
1556
307
2073
100
2799
464
2589
1865
721
571
622
304
157
720
1652
2632
1347
1392
774
2066
361
619
465
1292
1244
676
359
