253
201
613
308
2582
412
2530
668
1965
2738
2116
1185
2427
97
1551
2375
1910
2327
1341
461
413
2017
305
357
356
927
1756
824
2271
2482
2683
1079
2069
1599
719
100
516
1807
2323
2633
1911
1241
1496
718
1393
1086
1863
2479
1448
1808
2632
776
1085
257
2430
982
674
255
619
614
360
511
1755
460
2220
2276
464
2018
879
256
875
561
1137
2219
1293
1289
2117
675
2172
1396
1184
2684
2790
878
202
824
254
770
825
200
983
2171
1706
309
667
411
612
567
1136
1654
772
1966
2785
570
252
42
1499
515
2272
1915
1807
1703
2583
825
1444
1962
2636
1078
1603
620
1495
1651
2378
2531
1702
2431
2275
465
1961
1600
1392
723
1755
2735
2014
2379
1547
2328
355
1598
2324
307
2734
2376
2632
2223
1036
931
724
1862
1655
459
1340
2068
1445
1759
99
2586
618
1548
2534
41
826
2894
1240
50
49
1650
560
359
2428
2168
510
1811
1859
769
1705
2121
775
517
358
1133
977
1242
512
2789
1550
1707
2065
1290
725
872
1342
2786
2739
2483
1237
771
2733
2629
2326
930
