922
1804
823
1290
1859
768
2065
2785
1549
611
2528
2473
2322
2477
2422
1237
2629
308
2164
1083
979
1595
567
2782
974
870
2730
1650
1180
1807
2216
925
1394
1703
770
2885
2628
514
720
1031
1440
2678
2421
1749
1908
2783
2111
2166
2580
2265
2007
201
1495
1024
2476
722
664
2786
256
1493
1133
715
662
203
2731
511
1032
1082
1651
2219
978
926
513
1336
2215
1234
714
1808
716
663
2374
1442
1388
1238
407
769
1543
1598
1906
2064
975
1441
824
1443
1181
871
359
1597
1183
1494
1697
1596
1074
2579
1127
1075
1853
2368
2008
1076
1492
2059
1182
610
2683
2373
1957
2884
253
2525
1754
1858
97
923
1803
2165
2163
1131
515
2837
410
1284
2679
2422
1702
2684
1338
1081
820
2423
2524
1233
924
1961
618
1958
977
1030
2318
1909
1907
1025
2266
2574
973
721
869
1289
1649
1439
822
1342
1594
2220
1907
2784
921
2733
2729
1179
767
616
2319
1548
1023
2112
2006
2677
2321
771
772
305
1748
2010
2264
205
2009
99
2110
1750
460
1755
1236
2167
875
2270
411
2527
2116
96
2165
98
1235
561
2732
355
612
1802
406
1128
307
357
309
1393
1335
671
1494
2472
2369
1648
2367
2113
2271
2474
2117
1962
459
2267
1339
2424
1387
2529
1132
1491
1542
360
615
463
461
2832
2735
2162
257
1390
1696
774
2323
566
2114
2471
1496
2012
2575
2886
2833
2268
1852
2573
2632
356
568
1601
1343
2058
1751
619
1446
510
1232
1806
927
1337
1498
2013
2169
558
1286
874
