2971
2974
308
256
1808
561
717
616
2322
458
2225
2427
872
2017
2482
1598
1131
45
979
771
2014
1863
1910
2787
1086
147
355
51
2632
562
206
1705
97
828
2688
1498
2118
1446
618
2638
2013
1965
2066
667
1812
1288
1753
829
666
1137
2171
1289
718
1706
1752
155
930
405
2171
2895
772
2431
617
617
1811
2321
983
1857
511
567
2376
2786
1911
873
1547
257
1079
1339
464
2376
2329
1181
2580
2686
309
199
518
1912
2119
2278
356
2789
2172
1963
2067
1180
98
2631
716
1911
2018
1962
773
1807
2788
2170
102
2529
1964
560
924
2973
2970
2639
2687
1961
2270
1548
2896
877
1290
1602
411
2842
2836
723
2479
2530
2117
510
2120
1754
96
1138
1394
253
255
307
2428
2328
52
512
1499
2785
1603
2837
1647
1751
1750
2219
2116
1862
2068
1179
984
2226
2065
465
1087
1549
1132
1913
2377
1236
1758
772
1648
2975
2972
2483
2579
2064
1187
2320
414
354
1034
2432
2586
2072
2173
980
2535
305
2841
2124
2067
2530
2071
1080
1447
2430
148
2378
1029
2269
459
1391
1547
2119
519
2277
2375
982
1235
2734
100
466
1909
154
1599
724
2016
1856
2268
2534
2741
2123
2585
2015
205
1601
2788
619
2687
670
2323
770
2330
876
923
517
46
2690
404
1035
1340
2793
360
44
1139
2843
1238
566
251
2222
2689
1753
2737
2581
1344
2742
1188
2630
568
978
1966
1597
2740
254
2633
1395
2379
50
2271
1240
2527
1552
509
200
1699
722
2224
1130
1653
