206
2531
2739
2582
1187
414
309
257
1242
2634
2117
99
2428
517
2689
2376
306
203
1449
622
1294
1087
462
1916
258
305
516
1807
675
149
358
461
928
1394
2324
413
726
929
2483
984
362
2480
1548
2018
1967
409
1755
2068
979
2276
359
980
102
2221
410
777
825
2633
1139
254
1756
881
361
1290
1966
719
310
2069
1500
1080
621
2118
1552
773
877
615
464
776
1036
2786
2220
2431
1079
2272
2173
564
2581
1601
880
2836
2685
1186
1861
1863
2791
1912
1915
1029
1808
1655
1501
515
1138
1707
1704
1135
205
46
2172
304
2688
1086
156
256
1291
2638
568
1652
2736
412
460
1864
616
408
2637
1860
2432
463
928
1911
2328
44
1703
2065
2377
1035
360
2325
2740
45
2017
207
1341
829
2169
613
514
467
1030
1963
571
157
2122
2380
2790
2530
308
2895
2429
1345
2586
2379
620
828
623
2484
1342
930
2532
101
774
2224
2684
725
2014
727
1651
1604
411
1656
357
465
614
718
1445
668
1395
983
2735
2064
1706
363
1654
1862
1140
2735
1346
2787
2789
874
1499
1238
2271
50
666
2013
1081
103
1239
1497
1450
