2063
1652
2066
2118
2325
2479
353
718
1548
1180
1649
1338
1600
2639
1699
979
875
2372
721
2115
1804
1957
820
1077
976
1341
2217
2843
303
1912
457
204
2788
1756
43
1545
1810
823
1391
618
1186
665
1083
667
1811
2376
1757
2839
1446
2267
1390
2791
1240
1286
1027
307
2317
402
2375
515
508
2216
359
1498
1956
1342
2738
1393
2170
2631
768
566
1546
2472
2736
463
1853
306
100
666
1497
1187
980
2423
458
1854
822
1288
302
616
1445
251
2471
1750
2840
1181
824
456
617
509
2164
2014
821
2842
1908
2531
2015
722
2013
2374
1026
2429
360
1084
1287
1394
1179
1289
1128
2584
2275
255
2373
1031
1339
2681
1239
2889
1704
668
1134
1492
2582
2838
2575
664
2009
201
1440
2065
2792
1707
978
1809
304
2371
1340
2062
253
819
1755
1337
2266
2006
1651
2117
1601
720
563
1234
717
2324
1862
2787
1547
2478
1185
2630
44
767
1650
352
1076
1648
42
872
1599
2896
927
2274
977
1597
1082
2430
2583
669
1285
1855
2165
1549
2789
2064
1958
2067
2119
719
2525
2427
1653
1137
2844
2318
1389
2218
1751
354
2638
922
1078
1698
2326
769
671
2687
2480
305
1964
1700
874
1963
462
411
876
2890
2640
975
252
1236
408
96
2688
1236
1395
256
147
