1232
1754
461
615
1500
722
1603
355
1448
825
563
305
2062
872
2319
1702
2528
2888
2534
1705
253
618
2639
818
2477
981
1241
1551
2217
1344
1028
2784
875
361
2682
1292
1806
2173
516
2017
1857
1393
2632
2165
826
465
2478
2121
1863
2836
2372
1649
2430
1706
464
2527
1808
564
719
1086
819
2120
1758
2841
1856
873
406
2115
1757
1959
1965
1964
723
2535
619
982
1650
1233
566
1907
1651
2166
2267
2174
362
565
616
1552
2479
1807
667
463
2320
1597
1807
1029
1130
407
2009
2840
2431
2276
1030
1548
514
876
2216
1652
1189
2837
567
1449
2373
354
360
1031
718
874
304
773
2063
102
2633
1908
1231
1087
666
775
413
1078
1131
2478
462
1494
824
2785
1501
670
1136
980
2018
2894
617
1027
206
1240
922
817
98
1392
45
721
2318
562
1442
2164
2275
2069
1648
614
1703
1186
1960
2835
1602
309
2687
2638
252
1753
1183
1549
2734
1752
306
928
2791
146
2893
1809
2580
356
1341
1182
1755
2895
871
2889
2327
254
717
2425
513
257
460
1499
2377
2114
2741
46
1604
2325
1079
1958
2681
1293
2424
1340
1288
930
1345
2061
2735
2223
1289
48
201
2480
2268
2640
2266
2740
1338
2328
2792
153
1700
768
200
2379
1445
976
1805
512
202
1701
1596
2380
1286
2116
931
