43
98
413
1289
1704
465
2533
1711
462
567
2430
1503
1861
2273
44
357
1245
564
2014
155
2485
1134
1296
1755
1710
673
724
148
1344
672
1860
2013
42
2066
410
2065
1601
2223
2323
1551
358
1964
2429
1810
1295
198
2788
101
409
2280
2272
356
1448
461
2120
1396
1451
2532
1084
359
2590
515
2641
717
517
362
2744
2331
1133
254
2484
2692
1813
2382
1191
2482
619
568
718
1452
1083
984
2222
2330
1863
2175
1864
1288
2172
1552
1140
1967
775
1244
2020
563
357
2585
1347
2536
304
1915
666
665
875
1343
1554
974
1345
1397
2324
2745
2689
1916
1033
2586
2174
2535
2787
1087
260
1602
766
1809
199
2019
363
1399
2737
1032
1963
2071
466
102
2691
1086
1035
566
827
776
