2124
2168
2645
2438
2381
874
99
255
2490
2538
2435
979
2329
2175
980
357
2591
414
1917
311
2117
2167
363
362
824
100
1760
2539
256
565
566
97
1187
1186
46
1602
2326
721
2541
1554
462
1657
1243
1961
1450
1498
2067
1395
1910
463
307
2070
47
2692
830
1916
2742
1861
1813
1295
1759
2642
621
2439
1239
2328
2542
1960
364
2174
1757
103
617
2222
1756
1860
2277
2123
514
257
47
1139
1705
1347
2014
831
726
1190
932
1447
620
2896
2590
1087
1812
618
1553
408
461
2646
673
2225
2018
1654
568
2846
1396
2221
2330
1966
720
2274
1134
1656
1189
2491
672
2378
2116
1449
2839
928
413
2325
825
2593
1138
922
1036
2487
96
1394
2066
256
2436
2382
1808
1240
727
2276
873
1909
308
1088
1501
2594
513
1704
1709
2224
2540
875
1451
203
1605
722
1863
2644
728
1085
1551
670
