100
202
305
253
148
43
406
303
413
510
1709
353
306
251
2578
2431
2321
517
1752
1652
2842
2579
412
254
151
1708
49
359
1856
1812
565
2482
564
2744
2474
518
1086
206
2423
2740
772
826
99
1863
2533
97
2378
44
1292
620
1753
926
42
1189
616
2843
1759
673
619
2643
101
1910
511
405
2475
1702
204
667
302
1029
2586
2741
1701
1034
2532
205
669
1289
1085
1813
2328
1552
621
771
770
48
203
1344
978
352
1500
1966
2585
2424
1855
566
147
2839
1913
823
2635
1651
457
2066
2069
250
460
666
1396
2169
1448
979
1551
257
723
2526
2644
2430
1496
1760
1242
1392
201
509
725
2223
2320
2010
2527
1811
1340
822
2065
150
877
2528
2173
304
876
2373
982
1080
1909
1035
1655
516
2844
362
1751
2270
407
2118
1914
354
2432
50
2168
2481
569
466
309
2167
930
1393
720
567
668
