1805
1550
1907
1808
1753
2325
2116
1961
2332
1701
2480
2062
2063
2174
2012
2533
2486
1964
2375
2221
983
2280
2539
727
2540
1493
936
878
2326
2532
2115
1913
2430
2281
1809
1702
885
1855
726
2479
518
1962
1095
990
468
2429
2376
782
1914
1754
1094
1700
833
623
2222
259
781
2381
991
2168
1499
1965
1138
935
2013
877
2175
984
2169
2121
2173
571
1862
1963
2227
2220
256
673
2070
622
572
929
1807
2487
1087
1139
1853
2061
103
2382
615
409
674
459
255
2433
564
2122
1198
361
307
460
719
98
254
832
1752
359
1597
2016
1647
519
1960
2637
2746
1498
2738
2333
1088
2584
1034
362
2436
775
1035
2380
1912
100
1860
879
937
1547
2011
826
97
2019
884
1191
260
2636
358
2068
363
2069
2739
1655
408
2172
2478
2374
720
2747
517
1859
156
1500
563
1861
96
1707
2737
99
1604
2485
1497
416
2484
2230
1806
105
1854
565
