306
251
2680
2683
2730
2834
2423
611
254
668
403
1803
2213
43
2837
975
715
1649
2111
1442
617
771
721
2371
1597
303
1338
2162
1030
722
922
2318
2736
1548
1390
1647
1806
100
2373
2320
199
1805
1440
1490
1595
2781
459
203
2321
2628
1443
2167
873
408
2890
2265
1290
1236
920
2630
1903
1650
2374
2372
2836
514
2525
1388
1336
2112
457
462
2631
253
824
1126
1757
2524
612
1186
823
512
410
2582
1543
1084
1598
1496
359
772
716
1704
2319
2581
2786
1232
2372
1132
1339
1027
868
508
2884
2214
923
2575
2472
1391
618
202
1804
2264
979
1441
2478
2422
2529
2737
2684
566
2838
1756
255
2271
409
1287
1748
250
2731
42
2219
714
1646
1549
2835
2679
616
1802
2682
770
1439
1547
2317
404
667
2833
2370
1180
2681
305
610
766
2008
2212
720
1859
1856
1697
2629
1489
200
97
2474
1594
765
669
2118
1807
1031
2627
2477
872
2729
2014
2013
44
2891
976
2168
558
1183
252
1182
1962
201
1291
919
513
357
2576
1284
307
1183
151
1857
978
1491
1954
198
2007
1024
1696
1648
567
1902
1858
816
458
463
973
822
2057
402
1960
1335
1387
2322
1544
1955
1495
1125
459
2883
1961
2580
1855
2006
874
1596
665
2012
2220
2065
1911
1444
2059
1956
1703
2735
1077
666
1235
867
1750
2263
565
2787
204
1394
2272
96
1909
1854
1853
1342
2369
1131
1497
515
1231
2531
2634
568
2785
921
509
