405
305
253
308
1750
718
620
97
255
2574
1856
511
2266
1757
2629
2112
2573
1956
459
2324
569
612
2837
1804
2835
411
1805
870
2780
1955
1342
2007
2423
561
1543
2834
1290
1707
2161
200
513
2630
871
2008
256
2524
1394
1544
2530
562
512
2836
355
665
1751
724
1860
2478
1028
2630
923
826
775
924
774
354
514
1027
2885
155
201
1442
876
2265
666
146
570
307
254
2222
2892
1084
2372
717
50
1234
619
1186
925
2838
1549
2891
1653
667
309
1343
2884
406
1183
1235
2632
1448
51
2162
2631
464
1708
2572
148
412
2788
1029
827
2523
974
1601
252
1806
463
154
922
2883
1233
202
2111
460
668
1859
1855
458
1033
1498
2678
613
1963
98
1906
257
1291
560
410
1491
2372
1964
2325
510
1810
1443
96
203
1131
921
1758
1443
1805
404
2731
306
2781
1954
153
206
2213
515
147
664
1861
1135
929
2264
725
1395
1441
2371
768
2422
2160
828
2833
2318
2779
769
99
980
2375
1803
2061
304
2374
1802
875
1807
2426
2532
1389
1756
1596
976
869
1284
2223
2376
1187
2273
977
1857
1912
2579
1128
2681
1086
1903
1028
2216
1336
1492
1240
2472
2373
874
2473
2782
