619
1445
2011
1603
1860
2483
2114
1702
724
2435
2378
465
2434
725
1906
207
2692
361
512
2323
2846
515
100
412
99
2533
2067
2586
1861
564
2534
984
775
2482
930
2274
929
2219
1500
2275
828
2590
2641
2377
2121
2642
254
1548
718
1086
1806
827
2322
667
769
1752
670
1085
1805
43
464
2373
1757
2012
2270
98
362
1136
2486
1602
1133
2220
1393
1701
413
2015
2374
516
669
513
2637
1497
1188
309
306
776
2326
1345
51
1756
354
1237
355
2538
200
1397
563
2638
1444
671
1651
1236
1753
2789
406
2585
614
1552
101
462
1290
1650
2587
208
1344
1808
2485
310
156
2431
925
2688
1547
199
2591
563
356
1184
1551
2271
1134
1958
569
878
1241
1598
1449
1289
1809
1185
1905
1293
405
2842
615
303
1034
879
1392
1341
1292
1654
2688
2068
1396
2064
2841
1499
42
150
565
717
1653
2325
2165
1552
2010
616
