201
204
303
305
515
147
2426
770
2322
2064
2530
663
1546
96
613
768
1391
460
715
250
355
615
2380
2483
1910
97
1341
561
1553
1960
2580
563
1237
2683
405
820
2790
2113
672
2476
1496
2797
922
875
205
1596
353
1909
771
2741
1812
616
2168
1603
2531
98
1699
1604
2063
304
1760
1495
509
251
2268
354
977
1909
252
1700
146
924
2484
1650
1034
2323
2581
2427
203
2475
302
564
928
1859
2121
2269
2224
153
1441
767
1136
1184
148
2329
2171
982
821
1863
714
1811
724
1966
1029
662
2225
1759
1858
407
411
1497
716
612
2587
721
1344
2789
2330
1442
2796
2114
1813
200
978
1030
2381
769
925
306
560
819
358
1084
1238
1913
1081
1242
2588
1761
2482
1185
614
1500
929
2112
516
1236
1340
567
1805
664
45
1133
1860
870
514
1597
2639
2017
1185
404
2172
1131
1031
921
1238
1184
1655
874
1910
256
1342
1293
1188
1447
359
2740
257
202
1753
1545
2070
2432
356
1965
1656
2328
2900
2534
2276
1134
460
774
826
1392
1082
97
154
1137
307
458
562
2374
827
2529
2120
925
1804
309
2016
2321
1959
512
1754
619
1657
1085
