563
2490
2336
2079
359
2131
511
616
1923
2540
2026
2386
2440
1617
1455
2800
993
1875
1559
2187
564
2080
1767
2288
672
1664
360
463
2650
2237
2539
1820
1147
1924
2745
2546
562
2343
2547
2392
1719
621
944
569
889
842
1768
2186
2496
1254
790
2132
358
2439
1876
2133
1975
1720
784
2385
1923
518
1148
2393
1665
2497
510
2289
1096
2849
2344
945
2802
456
671
1565
1767
1977
410
1152
2079
2238
792
2644
2702
2031
1821
2081
1102
1359
457
2080
2183
1461
732
2182
843
1558
2801
2231
1462
2239
2548
1255
1097
1299
2701
512
890
1149
1566
2234
1924
1454
615
2335
998
2651
836
458
680
2132
677
624
2594
1925
363
2799
938
1197
617
2442
946
2444
1198
2641
1095
2027
1978
411
2285
1351
1048
1199
2804
2183
1616
1771
1613
2643
1357
2800
