2801
2804
2028
2234
2653
284
1875
1413
2343
2498
2491
458
565
2595
2080
2029
1823
2026
1775
2704
2232
1980
283
2132
940
2235
512
513
2541
2078
2652
2133
564
1406
43
1049
1510
2596
1568
1096
2186
1977
1615
569
1874
2644
2131
1719
941
2805
680
521
1667
2081
1252
1359
1405
1251
2183
465
1619
285
2546
2703
2645
457
2754
1463
1821
2344
1824
1147
1301
2499
2542
2025
2803
2800
1716
1771
1877
2027
1518
1148
2335
1100
1723
616
1151
2283
1876
938
782
1612
624
2134
1457
2802
2748
991
42
2853
1976
1456
1093
1873
1926
1464
2286
1616
1360
1255
2231
1923
1872
2600
722
464
44
2130
1769
731
681
2492
1352
1671
1097
1664
2646
886
1561
1772
1560
892
725
617
49
1302
2602
2594
1248
2334
2182
1927
2858
2333
937
1353
889
942
2030
1924
889
1720
1668
1827
997
2077
1567
2284
783
572
522
832
520
939
1875
2854
2384
835
2285
781
2233
2288
1772
673
2446
2290
2443
2548
1928
2336
2387
568
1511
280
2497
998
2747
2439
791
2132
2705
2697
1718
1663
1247
1144
2753
2084
2643
1776
1820
888
1974
1412
2129
625
1715
