2431
2379
2479
464
2011
1811
1295
726
719
415
52
517
621
2581
2328
720
1965
1710
2533
2375
1657
1859
2582
1132
1553
466
983
1812
566
565
2430
1139
1294
1133
2483
2427
359
2478
2171
1031
53
1032
1914
1753
2741
1910
2531
1235
727
1501
2534
515
879
467
2684
2116
2327
1915
518
1450
620
1343
1498
1346
414
2842
2688
1395
2378
100
930
1086
1288
2634
158
773
1759
725
618
1398
2270
2219
1087
776
410
2276
99
2637
1656
2638
1500
928
2374
2220
1911
927
1191
360
103
2117
2633
2269
514
1236
1752
2530
984
1287
262
463
2172
159
1860
1709
2320
2482
468
51
365
1966
880
1140
2321
1451
1394
1082
2637
1650
361
